37
448 599 450 679
700 601 701 682
960 599 962 676
1042 588 1121 654
1056 567 1137 569
1058 493 1138 494
1053 359 1137 360
1045 292 1137 292
1031 280 1120 216
1022 272 1020 199
909 270 936 196
813 152 916 184
794 129 861 82
782 121 781 40
710 121 707 38
532 40 532 119
343 41 343 122
237 38 252 128
137 48 230 138
105 162 220 167
129 296 238 200
257 212 242 320
385 216 384 320
532 317 564 219
549 332 644 250
560 353 679 313
557 373 682 408
548 394 633 482
514 405 519 494
421 402 417 495
339 467 349 376
237 465 240 377
223 476 137 399
213 495 122 493
215 577 121 578
222 597 142 674
248 602 248 679
