40
501 624 501 695
790 625 790 696
1020 625 1020 695
1071 603 1126 649
1110 532 1176 545
1092 459 1143 414
1029 421 1034 348
954 444 902 397
895 508 843 463
811 575 788 509
672 585 671 514
452 587 452 515
245 579 271 511
150 486 211 461
135 352 202 352
167 190 222 230
301 120 298 193
430 198 371 232
460 310 394 337
504 380 471 445
610 393 637 461
680 342 730 390
762 260 808 313
884 227 885 299
1049 228 1051 301
1104 219 1158 255
1101 162 1163 129
1036 100 1075 39
957 112 937 37
846 131 847 54
695 131 696 57
532 128 544 57
420 98 429 25
272 98 275 25
168 111 119 60
108 192 42 169
87 328 21 328
88 479 20 480
132 603 90 658
235 625 235 695
